54	54	4004.24169921875
55	55	4004.24169921875
54	55	50.958412170410156
55	54	50.958412170410156
56	56	4004.24169921875
54	56	4004.24169921875
56	54	4004.24169921875
55	56	400.1710510253906
56	55	400.1710510253906
57	57	4004.24169921875
54	57	88.13973999023438
57	54	88.13973999023438
55	57	1188.5838623046875
57	55	1188.5838623046875
56	57	194.66778564453125
57	56	194.66778564453125
58	58	4004.24169921875
54	58	141.20530700683594
58	54	141.20530700683594
55	58	1754.8369140625
58	55	1754.8369140625
56	58	69.30439758300781
58	56	69.30439758300781
57	58	1323.8800048828125
58	57	1323.8800048828125
59	59	4004.24169921875
54	59	100.79415130615234
59	54	100.79415130615234
55	59	1375.222412109375
59	55	1375.222412109375
56	59	118.7288818359375
59	56	118.7288818359375
57	59	1161.66162109375
59	57	1161.66162109375
58	59	3840.269287109375
59	58	3840.269287109375
60	60	4004.24169921875
54	60	458.3524475097656
60	54	458.3524475097656
55	60	121.19576263427734
60	55	121.19576263427734
56	60	149.9747314453125
60	56	149.9747314453125
57	60	104.81255340576172
60	57	104.81255340576172
58	60	279.86029052734375
60	58	279.86029052734375
59	60	95.8885726928711
60	59	95.8885726928711
61	61	4004.24169921875
54	61	350.59698486328125
61	54	350.59698486328125
56	61	172.07508850097656
61	56	172.07508850097656
58	61	256.8805236816406
61	58	256.8805236816406
59	61	110.01876831054688
61	59	110.01876831054688
60	61	3335.3369140625
61	60	3335.3369140625
62	62	4004.24169921875
54	62	338.62884521484375
62	54	338.62884521484375
55	62	537.2334594726562
62	55	537.2334594726562
56	62	166.20103454589844
62	56	166.20103454589844
57	62	1045.3734130859375
62	57	1045.3734130859375
58	62	310.139404296875
62	58	310.139404296875
59	62	318.789306640625
62	59	318.789306640625
60	62	402.6850280761719
62	60	402.6850280761719
63	63	4004.24169921875
54	63	199.7267608642578
63	54	199.7267608642578
55	63	528.1096801757812
63	55	528.1096801757812
56	63	196.0541534423828
63	56	196.0541534423828
57	63	685.0800170898438
63	57	685.0800170898438
58	63	341.45703125
63	58	341.45703125
59	63	543.1839599609375
63	59	543.1839599609375
60	63	316.6770324707031
63	60	316.6770324707031
62	63	3158.455078125
63	62	3158.455078125
64	64	4004.24169921875
54	64	294.3595886230469
64	54	294.3595886230469
55	64	525.3755493164062
64	55	525.3755493164062
56	64	252.82852172851562
64	56	252.82852172851562
57	64	1514.5181884765625
64	57	1514.5181884765625
58	64	350.4729919433594
64	58	350.4729919433594
59	64	508.0418395996094
64	59	508.0418395996094
60	64	437.5520935058594
64	60	437.5520935058594
62	64	1357.6988525390625
64	62	1357.6988525390625
63	64	2821.812744140625
64	63	2821.812744140625
78	78	4004.24169921875
55	78	234.0399932861328
78	55	234.0399932861328
63	78	305.7659912109375
78	63	305.7659912109375
79	79	4004.24169921875
59	79	79.97779083251953
79	59	79.97779083251953
78	79	2926.341552734375
79	78	2926.341552734375
80	80	4004.24169921875
56	80	95.59140014648438
80	56	95.59140014648438
57	80	133.611572265625
80	57	133.611572265625
78	80	1789.0118408203125
80	78	1789.0118408203125
79	80	1159.055908203125
80	79	1159.055908203125
81	81	4004.24169921875
55	81	45.19814682006836
81	55	45.19814682006836
56	81	27.965417861938477
81	56	27.965417861938477
57	81	39.08827590942383
81	57	39.08827590942383
58	81	41.747886657714844
81	58	41.747886657714844
59	81	35.76021194458008
81	59	35.76021194458008
77	77	4004.24169921875
77	81	323.8294372558594
81	77	323.8294372558594
78	81	785.0673828125
81	78	785.0673828125
79	81	1243.306640625
81	79	1243.306640625
80	81	950.1156616210938
81	80	950.1156616210938
82	82	4004.24169921875
55	82	52.91511535644531
82	55	52.91511535644531
57	82	22.881032943725586
82	57	22.881032943725586
59	82	41.865779876708984
82	59	41.865779876708984
60	82	79.32537841796875
82	60	79.32537841796875
61	82	182.0296173095703
82	61	182.0296173095703
77	82	758.23779296875
82	77	758.23779296875
78	82	153.1844940185547
82	78	153.1844940185547
79	82	661.6292724609375
82	79	661.6292724609375
80	82	910.0922241210938
82	80	910.0922241210938
81	82	1893.3258056640625
82	81	1893.3258056640625
83	83	4004.24169921875
55	83	36.27170944213867
83	55	36.27170944213867
56	83	67.32710266113281
83	56	67.32710266113281
57	83	15.68425464630127
83	57	15.68425464630127
58	83	33.50285720825195
83	58	33.50285720825195
64	83	26.190292358398438
83	64	26.190292358398438
77	83	519.7490234375
83	77	519.7490234375
78	83	420.0133056640625
83	78	420.0133056640625
79	83	453.52679443359375
83	79	453.52679443359375
80	83	415.8937683105469
83	80	415.8937683105469
81	83	1196.4254150390625
83	81	1196.4254150390625
82	83	1733.0679931640625
83	82	1733.0679931640625
84	84	4004.24169921875
54	84	26.869060516357422
84	54	26.869060516357422
55	84	21.31383514404297
84	55	21.31383514404297
56	84	13.187494277954102
84	56	13.187494277954102
57	84	18.43263816833496
84	57	18.43263816833496
58	84	19.68681526184082
84	58	19.68681526184082
59	84	16.86324119567871
84	59	16.86324119567871
60	84	31.951704025268555
84	60	31.951704025268555
63	84	27.845867156982422
84	63	27.845867156982422
64	84	15.3898344039917
84	64	15.3898344039917
77	84	305.412841796875
84	77	305.412841796875
78	84	246.80653381347656
84	78	246.80653381347656
79	84	373.09942626953125
84	79	373.09942626953125
80	84	448.0406799316406
84	80	448.0406799316406
81	84	929.4410400390625
84	81	929.4410400390625
82	84	934.6761474609375
84	82	934.6761474609375
83	84	2878.333251953125
84	83	2878.333251953125
85	85	4004.24169921875
55	85	27.679912567138672
85	55	27.679912567138672
56	85	8.563185691833496
85	56	8.563185691833496
57	85	35.9072265625
85	57	35.9072265625
58	85	6.391732215881348
85	58	6.391732215881348
59	85	10.950000762939453
85	59	10.950000762939453
61	85	47.60987091064453
85	61	47.60987091064453
63	85	18.08147430419922
85	63	18.08147430419922
64	85	19.986513137817383
85	64	19.986513137817383
77	85	198.31719970703125
85	77	198.31719970703125
78	85	80.13085174560547
85	78	80.13085174560547
79	85	207.65907287597656
85	79	207.65907287597656
80	85	238.03475952148438
85	80	238.03475952148438
81	85	634.4745483398438
85	81	634.4745483398438
82	85	552.572509765625
85	82	552.572509765625
83	85	881.7308959960938
85	83	881.7308959960938
84	85	1689.3603515625
85	84	1689.3603515625
86	86	4004.24169921875
54	86	5.85440731048584
86	54	5.85440731048584
55	86	18.575992584228516
86	55	18.575992584228516
56	86	5.746755123138428
86	56	5.746755123138428
57	86	16.064895629882812
86	57	16.064895629882812
58	86	4.289492607116699
86	58	4.289492607116699
59	86	7.348546981811523
86	59	7.348546981811523
60	86	13.923693656921387
86	60	13.923693656921387
64	86	13.412952423095703
86	64	13.412952423095703
78	86	53.77582550048828
86	78	53.77582550048828
79	86	209.04005432128906
86	79	209.04005432128906
80	86	70.99784851074219
86	80	70.99784851074219
81	86	176.54954528808594
86	81	176.54954528808594
82	86	97.26728057861328
86	82	97.26728057861328
83	86	200.0213165283203
86	83	200.0213165283203
84	86	487.28350830078125
86	84	487.28350830078125
85	86	2059.072021484375
86	85	2059.072021484375
87	87	4004.24169921875
55	87	51.01782989501953
87	55	51.01782989501953
56	87	18.939735412597656
87	56	18.939735412597656
59	87	4.0364670753479
87	59	4.0364670753479
64	87	7.367570877075195
87	64	7.367570877075195
77	87	73.10509490966797
87	77	73.10509490966797
78	87	29.53840446472168
87	78	29.53840446472168
79	87	25.516254425048828
87	79	25.516254425048828
80	87	19.499126434326172
87	80	19.499126434326172
81	87	85.5675048828125
87	81	85.5675048828125
82	87	100.17698669433594
87	82	100.17698669433594
83	87	201.42698669433594
87	83	201.42698669433594
84	87	266.3138732910156
87	84	266.3138732910156
85	87	747.610595703125
87	85	747.610595703125
86	87	2339.804443359375
87	86	2339.804443359375
88	88	4004.24169921875
57	88	4.5594096183776855
88	57	4.5594096183776855
59	88	8.342422485351562
88	59	8.342422485351562
63	88	41.326927185058594
88	63	41.326927185058594
64	88	7.6135125160217285
88	64	7.6135125160217285
78	88	122.0977783203125
88	78	122.0977783203125
79	88	26.36802864074707
88	79	26.36802864074707
80	88	40.30007553100586
88	80	40.30007553100586
81	88	88.42388916015625
88	81	88.42388916015625
82	88	55.21123504638672
88	82	55.21123504638672
83	88	137.19039916992188
88	83	137.19039916992188
84	88	186.2490692138672
88	84	186.2490692138672
85	88	664.2633056640625
88	85	664.2633056640625
86	88	1804.9534912109375
88	86	1804.9534912109375
87	88	2472.608642578125
88	87	2472.608642578125
89	89	4004.24169921875
57	89	4.702116966247559
89	57	4.702116966247559
59	89	8.603535652160645
89	59	8.603535652160645
64	89	7.85181188583374
89	64	7.85181188583374
79	89	27.193336486816406
89	79	27.193336486816406
81	89	18.23830223083496
89	81	18.23830223083496
82	89	28.46965980529785
89	82	28.46965980529785
83	89	43.9089469909668
89	83	43.9089469909668
84	89	63.070579528808594
89	84	63.070579528808594
85	89	148.92486572265625
89	85	148.92486572265625
86	89	488.4738464355469
89	86	488.4738464355469
87	89	422.7126159667969
89	87	422.7126159667969
88	89	1887.701416015625
89	88	1887.701416015625
90	90	4004.24169921875
54	90	4.816139221191406
90	54	4.816139221191406
57	90	3.3039543628692627
90	57	3.3039543628692627
58	90	3.528759241104126
90	58	3.528759241104126
59	90	3.022648334503174
90	59	3.022648334503174
78	90	22.11939239501953
90	78	22.11939239501953
79	90	38.214935302734375
90	79	38.214935302734375
80	90	14.601629257202148
90	80	14.601629257202148
81	90	25.63037872314453
90	81	25.63037872314453
82	90	35.00748825073242
90	82	35.00748825073242
83	90	20.56848907470703
90	83	20.56848907470703
84	90	24.172746658325195
90	84	24.172746658325195
85	90	61.47743225097656
90	85	61.47743225097656
86	90	167.66351318359375
90	86	167.66351318359375
87	90	207.33546447753906
90	87	207.33546447753906
88	90	494.2851257324219
90	88	494.2851257324219
89	90	1733.787109375
90	89	1733.787109375
91	91	4004.24169921875
56	91	6.445779323577881
91	56	6.445779323577881
59	91	4.121204853057861
91	59	4.121204853057861
80	91	19.908472061157227
91	80	19.908472061157227
81	91	23.297021865844727
91	81	23.297021865844727
82	91	20.456003189086914
91	82	20.456003189086914
83	91	9.347979545593262
91	83	9.347979545593262
84	91	46.69068908691406
91	84	46.69068908691406
85	91	51.71928024291992
91	85	51.71928024291992
86	91	167.55979919433594
91	86	167.55979919433594
87	91	194.59579467773438
91	87	194.59579467773438
88	91	370.9327087402344
91	88	370.9327087402344
89	91	1367.625244140625
91	89	1367.625244140625
90	91	3664.6650390625
91	90	3664.6650390625
93	93	4004.24169921875
89	93	195.50413513183594
93	89	195.50413513183594
90	93	68.68573760986328
93	90	68.68573760986328
91	93	93.64900970458984
93	91	93.64900970458984
95	95	4004.24169921875
81	95	12.06460952758789
95	81	12.06460952758789
83	95	19.363801956176758
95	83	19.363801956176758
85	95	22.165555953979492
95	85	22.165555953979492
86	95	34.709049224853516
95	86	34.709049224853516
87	95	35.40690612792969
95	87	35.40690612792969
88	95	53.476009368896484
95	88	53.476009368896484
89	95	145.13099670410156
95	89	145.13099670410156
90	95	163.1626739501953
95	90	163.1626739501953
91	95	289.20166015625
95	91	289.20166015625
93	95	193.98854064941406
95	93	193.98854064941406
96	96	4004.24169921875
55	96	7.497200965881348
96	55	7.497200965881348
77	96	53.71490478515625
96	77	53.71490478515625
81	96	33.531639099121094
96	81	33.531639099121094
83	96	13.454641342163086
96	83	13.454641342163086
84	96	23.718486785888672
96	84	23.718486785888672
85	96	24.385543823242188
96	85	24.385543823242188
86	96	47.372779846191406
96	86	47.372779846191406
87	96	50.150123596191406
96	87	50.150123596191406
88	96	70.4027099609375
96	88	70.4027099609375
89	96	151.26307678222656
96	89	151.26307678222656
90	96	155.17666625976562
96	90	155.17666625976562
91	96	233.79449462890625
96	91	233.79449462890625
93	96	67.39498138427734
96	93	67.39498138427734
95	96	2875.733154296875
96	95	2875.733154296875
97	97	4004.24169921875
59	97	3.787508249282837
97	59	3.787508249282837
79	97	23.942476272583008
97	79	23.942476272583008
81	97	5.3526611328125
97	81	5.3526611328125
83	97	17.1821346282959
97	83	17.1821346282959
84	97	10.09649658203125
97	84	10.09649658203125
85	97	32.78036880493164
97	85	32.78036880493164
86	97	40.69798278808594
97	86	40.69798278808594
87	97	32.626075744628906
97	87	32.626075744628906
88	97	46.20229721069336
97	88	46.20229721069336
89	97	97.87239837646484
97	89	97.87239837646484
90	97	109.48954772949219
97	90	109.48954772949219
91	97	151.75010681152344
97	91	151.75010681152344
93	97	172.13235473632812
97	93	172.13235473632812
95	97	833.133056640625
97	95	833.133056640625
96	97	1936.439453125
97	96	1936.439453125
98	98	4004.24169921875
57	98	3.9844601154327393
98	57	3.9844601154327393
64	98	6.653435230255127
98	64	6.653435230255127
79	98	23.0429744720459
98	79	23.0429744720459
81	98	10.303131103515625
98	81	10.303131103515625
82	98	30.15562629699707
98	82	30.15562629699707
83	98	20.670766830444336
98	83	20.670766830444336
84	98	19.434356689453125
98	84	19.434356689453125
85	98	31.548831939697266
98	85	31.548831939697266
86	98	39.16898727416992
98	86	39.16898727416992
87	98	41.86711883544922
98	87	41.86711883544922
88	98	50.47549819946289
98	88	50.47549819946289
89	98	111.54718780517578
98	89	111.54718780517578
90	98	127.14801788330078
98	90	127.14801788330078
91	98	170.98414611816406
98	91	170.98414611816406
93	98	82.83273315429688
98	93	82.83273315429688
95	98	799.3732299804688
98	95	799.3732299804688
96	98	1250.1497802734375
98	96	1250.1497802734375
97	98	2137.751220703125
98	97	2137.751220703125
99	99	4004.24169921875
77	99	49.69725799560547
99	77	49.69725799560547
80	99	13.255616188049316
99	80	13.255616188049316
82	99	4.5400590896606445
99	82	4.5400590896606445
83	99	6.224145889282227
99	83	6.224145889282227
84	99	12.800926208496094
99	84	12.800926208496094
85	99	17.811796188354492
99	85	17.811796188354492
86	99	26.297698974609375
99	86	26.297698974609375
87	99	25.3881893157959
99	87	25.3881893157959
88	99	40.71055221557617
99	88	40.71055221557617
89	99	60.64467239379883
99	89	60.64467239379883
90	99	79.32412719726562
99	90	79.32412719726562
91	99	113.51683044433594
99	91	113.51683044433594
93	99	187.06236267089844
99	93	187.06236267089844
95	99	564.7149047851562
99	95	564.7149047851562
96	99	733.9501342773438
99	96	733.9501342773438
97	99	879.7825927734375
99	97	879.7825927734375
98	99	1876.878173828125
99	98	1876.878173828125
100	100	4004.24169921875
55	100	7.236977577209473
100	55	7.236977577209473
56	100	4.477729797363281
100	56	4.477729797363281
57	100	3.129342555999756
100	57	3.129342555999756
58	100	6.68453311920166
100	58	6.68453311920166
62	100	12.02278995513916
100	62	12.02278995513916
80	100	13.82994270324707
100	80	13.82994270324707
81	100	4.045971870422363
100	81	4.045971870422363
83	100	6.493819236755371
100	83	6.493819236755371
84	100	17.171424865722656
100	84	17.171424865722656
85	100	12.389019012451172
100	85	12.389019012451172
86	100	34.919944763183594
100	86	34.919944763183594
87	100	31.055110931396484
100	87	31.055110931396484
88	100	41.530540466308594
100	88	41.530540466308594
89	100	84.68743896484375
100	89	84.68743896484375
90	100	73.18534851074219
100	90	73.18534851074219
91	100	90.45835876464844
100	91	90.45835876464844
93	100	195.16722106933594
100	93	195.16722106933594
95	100	233.74118041992188
100	95	233.74118041992188
96	100	310.7294006347656
100	96	310.7294006347656
97	100	383.95855712890625
100	97	383.95855712890625
98	100	596.36767578125
100	98	596.36767578125
99	100	3065.50537109375
100	99	3065.50537109375
101	101	4004.24169921875
56	101	4.468831539154053
101	56	4.468831539154053
78	101	41.81753158569336
101	78	41.81753158569336
79	101	18.06168556213379
101	79	18.06168556213379
81	101	20.189659118652344
101	81	20.189659118652344
82	101	4.727353572845459
101	82	4.727353572845459
83	101	12.961830139160156
101	83	12.961830139160156
84	101	19.041446685791016
101	84	19.041446685791016
85	101	16.073719024658203
101	85	16.073719024658203
86	101	32.36122512817383
101	86	32.36122512817383
87	101	20.966123580932617
101	87	20.966123580932617
88	101	32.97001266479492
101	88	32.97001266479492
89	101	65.08946228027344
101	89	65.08946228027344
90	101	40.95696258544922
101	90	40.95696258544922
91	101	80.04082489013672
101	91	80.04082489013672
93	101	64.92646026611328
101	93	64.92646026611328
95	101	138.8092803955078
101	95	138.8092803955078
96	101	178.1636505126953
101	96	178.1636505126953
97	101	231.79910278320312
101	97	231.79910278320312
98	101	310.3511047363281
101	98	310.3511047363281
99	101	684.1387329101562
101	99	684.1387329101562
100	101	1789.623291015625
101	100	1789.623291015625
102	102	4004.24169921875
63	102	12.449490547180176
102	63	12.449490547180176
78	102	27.585922241210938
102	78	27.585922241210938
81	102	10.654868125915527
102	81	10.654868125915527
83	102	12.825865745544434
102	83	12.825865745544434
84	102	17.585596084594727
102	84	17.585596084594727
85	102	16.312936782836914
102	85	16.312936782836914
86	102	20.800466537475586
102	86	20.800466537475586
87	102	31.26963233947754
102	87	31.26963233947754
88	102	24.856510162353516
102	88	24.856510162353516
89	102	41.01521301269531
102	89	41.01521301269531
90	102	44.1297721862793
102	90	44.1297721862793
91	102	46.661190032958984
102	91	46.661190032958984
95	102	213.66058349609375
102	95	213.66058349609375
96	102	102.50725555419922
102	96	102.50725555419922
97	102	147.83351135253906
102	97	147.83351135253906
98	102	181.37921142578125
102	98	181.37921142578125
99	102	346.6570739746094
102	99	346.6570739746094
100	102	582.6065673828125
102	100	582.6065673828125
101	102	2996.63232421875
102	101	2996.63232421875
103	103	4004.24169921875
56	103	4.820545673370361
103	56	4.820545673370361
59	103	3.082087755203247
103	59	3.082087755203247
78	103	22.554363250732422
103	78	22.554363250732422
80	103	14.888765335083008
103	80	14.888765335083008
81	103	8.711463928222656
103	81	8.711463928222656
82	103	5.099413871765137
103	82	5.099413871765137
83	103	6.990987300872803
103	83	6.990987300872803
84	103	18.486072540283203
103	84	18.486072540283203
85	103	12.003772735595703
103	85	12.003772735595703
86	103	20.58687400817871
103	86	20.58687400817871
87	103	14.749719619750977
103	87	14.749719619750977
88	103	28.451900482177734
103	88	28.451900482177734
89	103	44.013648986816406
103	89	44.013648986816406
90	103	28.7172794342041
103	90	28.7172794342041
91	103	53.20974349975586
103	91	53.20974349975586
93	103	140.07284545898438
103	93	140.07284545898438
95	103	51.991004943847656
103	95	51.991004943847656
96	103	83.08785247802734
103	96	83.08785247802734
97	103	98.72529602050781
103	97	98.72529602050781
98	103	110.11229705810547
103	98	110.11229705810547
99	103	145.72491455078125
103	99	145.72491455078125
100	103	246.19114685058594
103	100	246.19114685058594
101	103	663.3256225585938
103	101	663.3256225585938
102	103	1466.553466796875
103	102	1466.553466796875
104	104	4004.24169921875
54	104	6.0032501220703125
104	54	6.0032501220703125
63	104	12.442987442016602
104	63	12.442987442016602
78	104	27.57151222229004
104	78	27.57151222229004
82	104	6.233763217926025
104	82	6.233763217926025
83	104	17.092222213745117
104	83	17.092222213745117
84	104	12.55457878112793
104	84	12.55457878112793
85	104	6.521766185760498
104	85	6.521766185760498
86	104	19.695411682128906
104	86	19.695411682128906
87	104	18.030750274658203
104	87	18.030750274658203
88	104	9.937411308288574
104	88	9.937411308288574
89	104	33.30745315551758
104	89	33.30745315551758
90	104	32.404937744140625
104	90	32.404937744140625
91	104	31.909400939941406
104	91	31.909400939941406
93	104	342.4632263183594
104	93	342.4632263183594
95	104	61.01399230957031
104	95	61.01399230957031
96	104	45.92752456665039
104	96	45.92752456665039
97	104	71.05836486816406
104	97	71.05836486816406
98	104	78.15857696533203
104	98	78.15857696533203
99	104	125.02554321289062
104	99	125.02554321289062
100	104	167.1028289794922
104	100	167.1028289794922
101	104	399.05865478515625
104	101	399.05865478515625
102	104	789.18408203125
104	102	789.18408203125
103	104	2630.52392578125
104	103	2630.52392578125
105	105	4004.24169921875
54	105	4.8455424308776855
105	54	4.8455424308776855
58	105	7.100605487823486
105	58	7.100605487823486
59	105	3.0411019325256348
105	59	3.0411019325256348
60	105	11.524283409118652
105	60	11.524283409118652
80	105	14.690773963928223
105	80	14.690773963928223
81	105	4.29780912399292
105	81	4.29780912399292
83	105	6.8980207443237305
105	83	6.8980207443237305
84	105	8.10677433013916
105	84	8.10677433013916
85	105	9.212113380432129
105	85	9.212113380432129
86	105	27.378538131713867
105	86	27.378538131713867
87	105	9.702384948730469
105	87	9.702384948730469
88	105	17.044652938842773
105	88	17.044652938842773
89	105	27.918224334716797
105	89	27.918224334716797
90	105	31.241588592529297
105	90	31.241588592529297
91	105	41.60548400878906
105	91	41.60548400878906
93	105	483.7355041503906
105	93	483.7355041503906
95	105	38.98771286010742
105	95	38.98771286010742
96	105	39.92212677001953
105	96	39.92212677001953
97	105	66.45895385742188
105	97	66.45895385742188
98	105	46.438262939453125
105	98	46.438262939453125
99	105	77.17011260986328
105	99	77.17011260986328
100	105	112.85675811767578
105	100	112.85675811767578
101	105	194.35972595214844
105	101	194.35972595214844
102	105	279.08062744140625
105	102	279.08062744140625
103	105	510.43597412109375
105	103	510.43597412109375
104	105	1563.121826171875
105	104	1563.121826171875
106	106	4004.24169921875
54	106	8.3815279006958
106	54	8.3815279006958
77	106	95.27040100097656
106	77	95.27040100097656
83	106	5.965890884399414
106	83	5.965890884399414
84	106	14.022611618041992
106	84	14.022611618041992
85	106	4.552731037139893
106	85	4.552731037139893
86	106	24.44270896911621
106	86	24.44270896911621
87	106	20.139122009277344
106	87	20.139122009277344
88	106	15.608549118041992
106	88	15.608549118041992
89	106	21.462785720825195
106	89	21.462785720825195
90	106	37.70220184326172
106	90	37.70220184326172
91	106	30.84285545349121
106	91	30.84285545349121
93	106	239.06759643554688
106	93	239.06759643554688
95	106	53.24100112915039
106	95	53.24100112915039
96	106	45.62555694580078
106	96	45.62555694580078
97	106	48.817230224609375
106	97	48.817230224609375
98	106	57.59231185913086
106	98	57.59231185913086
99	106	42.21295928955078
106	99	42.21295928955078
100	106	83.32254791259766
106	100	83.32254791259766
101	106	119.98363494873047
106	101	119.98363494873047
102	106	163.00205993652344
106	102	163.00205993652344
103	106	352.39971923828125
106	103	352.39971923828125
104	106	657.9337158203125
106	104	657.9337158203125
105	106	2549.055908203125
106	105	2549.055908203125
107	107	4004.24169921875
90	107	50.69912338256836
107	90	50.69912338256836
95	107	286.3782043457031
107	95	286.3782043457031
96	107	895.4347534179688
107	96	895.4347534179688
98	107	244.56588745117188
107	98	244.56588745117188
101	107	47.92428207397461
107	101	47.92428207397461
102	107	316.14385986328125
107	102	316.14385986328125
103	107	310.1766357421875
107	103	310.1766357421875
104	107	379.1744689941406
107	104	379.1744689941406
105	107	510.0864562988281
107	105	510.0864562988281
106	107	529.39013671875
107	106	529.39013671875
108	108	4004.24169921875
54	108	11.157699584960938
108	54	11.157699584960938
81	108	9.89645004272461
108	81	9.89645004272461
83	108	7.941943645477295
108	83	7.941943645477295
85	108	3.0303549766540527
108	85	3.0303549766540527
86	108	12.202030181884766
108	86	12.202030181884766
87	108	17.873136520385742
108	87	17.873136520385742
88	108	18.469770431518555
108	88	18.469770431518555
89	108	23.809831619262695
108	89	23.809831619262695
90	108	21.74905014038086
108	90	21.74905014038086
91	108	13.686261177062988
108	91	13.686261177062988
93	108	3659.906982421875
108	93	3659.906982421875
95	108	9.450100898742676
108	95	9.450100898742676
96	108	34.47285461425781
108	96	34.47285461425781
97	108	46.119606018066406
108	97	46.119606018066406
98	108	38.334163665771484
108	98	38.334163665771484
99	108	28.85686683654785
108	99	28.85686683654785
100	108	53.875946044921875
108	100	53.875946044921875
101	108	80.65332794189453
108	101	80.65332794189453
102	108	91.80448913574219
108	102	91.80448913574219
103	108	107.47188568115234
108	103	107.47188568115234
104	108	173.08619689941406
108	104	173.08619689941406
105	108	345.05963134765625
108	105	345.05963134765625
106	108	419.2601623535156
108	106	419.2601623535156
107	108	1409.474853515625
108	107	1409.474853515625
109	109	4004.24169921875
55	109	7.573934078216553
109	55	7.573934078216553
56	109	14.05864429473877
109	56	14.05864429473877
79	109	18.940282821655273
109	79	18.940282821655273
80	109	14.473870277404785
109	80	14.473870277404785
81	109	12.7030611038208
109	81	12.7030611038208
83	109	6.796174049377441
109	83	6.796174049377441
84	109	7.987081527709961
109	84	7.987081527709961
85	109	7.779513835906982
109	85	7.779513835906982
86	109	14.792360305786133
109	86	14.792360305786133
87	109	13.38278579711914
109	87	13.38278579711914
88	109	13.829524993896484
109	88	13.829524993896484
89	109	39.73092269897461
109	89	39.73092269897461
90	109	30.064498901367188
109	90	30.064498901367188
91	109	38.06325149536133
109	91	38.06325149536133
93	109	1293.6104736328125
109	93	1293.6104736328125
95	109	28.303634643554688
109	95	28.303634643554688
96	109	38.63032531738281
109	96	38.63032531738281
97	109	36.77515411376953
109	97	36.77515411376953
98	109	47.47913360595703
109	98	47.47913360595703
99	109	44.8386344909668
109	99	44.8386344909668
100	109	68.47705841064453
109	100	68.47705841064453
101	109	94.73007202148438
109	101	94.73007202148438
102	109	89.27275848388672
109	102	89.27275848388672
103	109	150.35894775390625
109	103	150.35894775390625
104	109	199.8665313720703
109	104	199.8665313720703
105	109	316.1640930175781
109	105	316.1640930175781
106	109	427.29022216796875
109	106	427.29022216796875
107	109	954.85498046875
109	107	954.85498046875
108	109	1850.7362060546875
109	108	1850.7362060546875
110	110	4004.24169921875
56	110	5.836531639099121
110	56	5.836531639099121
57	110	4.07896614074707
110	57	4.07896614074707
58	110	4.356503486633301
110	58	4.356503486633301
59	110	3.7316734790802
110	59	3.7316734790802
77	110	67.58493041992188
110	77	67.58493041992188
81	110	10.547506332397461
110	81	10.547506332397461
82	110	12.348349571228027
110	82	12.348349571228027
84	110	12.4345703125
110	84	12.4345703125
85	110	16.148563385009766
110	85	16.148563385009766
86	110	23.84206771850586
110	86	23.84206771850586
87	110	20.239513397216797
110	87	20.239513397216797
88	110	11.072722434997559
110	88	11.072722434997559
89	110	31.720258712768555
110	89	31.720258712768555
90	110	42.793575286865234
110	90	42.793575286865234
91	110	31.604381561279297
110	91	31.604381561279297
93	110	84.79740905761719
110	93	84.79740905761719
95	110	17.625638961791992
110	95	17.625638961791992
96	110	44.61372756958008
110	96	44.61372756958008
97	110	41.333770751953125
110	97	41.333770751953125
98	110	50.5324821472168
110	98	50.5324821472168
99	110	56.65444564819336
110	99	56.65444564819336
100	110	66.70885467529297
110	100	66.70885467529297
101	110	80.06009674072266
110	101	80.06009674072266
102	110	93.39656829833984
110	102	93.39656829833984
103	110	97.26990509033203
110	103	97.26990509033203
104	110	155.5796356201172
110	104	155.5796356201172
105	110	188.36489868164062
110	105	188.36489868164062
106	110	184.63262939453125
110	106	184.63262939453125
107	110	250.36663818359375
110	107	250.36663818359375
108	110	328.4052734375
110	108	328.4052734375
109	110	2243.796142578125
110	109	2243.796142578125
111	111	4004.24169921875
80	111	19.50383758544922
111	80	19.50383758544922
82	111	6.680079460144043
111	82	6.680079460144043
83	111	18.315967559814453
111	83	18.315967559814453
84	111	8.072067260742188
111	84	8.072067260742188
85	111	15.72458267211914
111	85	15.72458267211914
86	111	28.140718460083008
111	86	28.140718460083008
87	111	33.49093246459961
111	87	33.49093246459961
88	111	19.9666805267334
111	88	19.9666805267334
89	111	32.94660568237305
111	89	32.94660568237305
90	111	21.220848083496094
111	90	21.220848083496094
91	111	17.097003936767578
111	91	17.097003936767578
93	111	91.74561309814453
111	93	91.74561309814453
95	111	21.794130325317383
111	95	21.794130325317383
96	111	24.607891082763672
111	96	24.607891082763672
97	111	33.84262466430664
111	97	33.84262466430664
98	111	39.55072021484375
111	98	39.55072021484375
99	111	40.2806510925293
111	99	40.2806510925293
100	111	52.0755615234375
111	100	52.0755615234375
101	111	47.413124084472656
111	101	47.413124084472656
102	111	56.53953170776367
111	102	56.53953170776367
103	111	73.76641845703125
111	103	73.76641845703125
104	111	102.19893646240234
111	104	102.19893646240234
105	111	78.60830688476562
111	105	78.60830688476562
106	111	82.2546157836914
111	106	82.2546157836914
107	111	67.72035217285156
111	107	67.72035217285156
108	111	113.9687728881836
111	108	113.9687728881836
109	111	453.2123718261719
111	109	453.2123718261719
110	111	1670.7587890625
111	110	1670.7587890625
112	112	4004.24169921875
59	112	4.000396728515625
112	59	4.000396728515625
81	112	16.9605712890625
112	81	16.9605712890625
82	112	26.47514533996582
112	82	26.47514533996582
83	112	13.610932350158691
112	83	13.610932350158691
84	112	7.9980010986328125
112	84	7.9980010986328125
85	112	22.504878997802734
112	85	22.504878997802734
86	112	24.397197723388672
112	86	24.397197723388672
87	112	24.24957847595215
112	87	24.24957847595215
88	112	26.377967834472656
112	88	26.377967834472656
89	112	23.123046875
112	89	23.123046875
90	112	24.84906768798828
112	90	24.84906768798828
91	112	20.849390029907227
112	91	20.849390029907227
93	112	90.90379333496094
112	93	90.90379333496094
95	112	13.49634838104248
112	95	13.49634838104248
96	112	30.94651222229004
112	96	30.94651222229004
97	112	25.149076461791992
112	97	25.149076461791992
98	112	20.74649429321289
112	98	20.74649429321289
99	112	20.823158264160156
112	99	20.823158264160156
100	112	31.68282127380371
112	100	31.68282127380371
101	112	34.33013916015625
112	101	34.33013916015625
102	112	46.48530197143555
112	102	46.48530197143555
103	112	61.395240783691406
112	103	61.395240783691406
104	112	45.26971435546875
112	104	45.26971435546875
105	112	53.84782409667969
112	105	53.84782409667969
106	112	68.19377899169922
112	106	68.19377899169922
107	112	134.1979522705078
112	107	134.1979522705078
108	112	70.85367584228516
112	108	70.85367584228516
109	112	203.68478393554688
112	109	203.68478393554688
110	112	595.8599243164062
112	110	595.8599243164062
111	112	2426.8203125
112	111	2426.8203125
113	113	4004.24169921875
58	113	4.072263717651367
113	58	4.072263717651367
59	113	3.4882006645202637
113	59	3.4882006645202637
79	113	22.050424575805664
113	79	22.050424575805664
80	113	16.8505916595459
113	80	16.8505916595459
81	113	4.9296674728393555
113	81	4.9296674728393555
82	113	11.542681694030762
113	82	11.542681694030762
83	113	7.912158489227295
113	83	7.912158489227295
84	113	4.649311065673828
113	84	4.649311065673828
85	113	22.642425537109375
113	85	22.642425537109375
86	113	21.273469924926758
113	86	21.273469924926758
87	113	15.580342292785645
113	87	15.580342292785645
88	113	16.100440979003906
113	88	16.100440979003906
89	113	26.09259033203125
113	89	26.09259033203125
90	113	18.334026336669922
113	90	18.334026336669922
91	113	24.997377395629883
113	91	24.997377395629883
95	113	18.829320907592773
113	95	18.829320907592773
96	113	16.354080200195312
113	96	16.354080200195312
97	113	26.106048583984375
113	97	26.106048583984375
98	113	29.14530372619629
113	98	29.14530372619629
99	113	27.235557556152344
113	99	27.235557556152344
100	113	30.783557891845703
113	100	30.783557891845703
101	113	33.87339782714844
113	101	33.87339782714844
102	113	27.022329330444336
113	102	27.022329330444336
103	113	41.63787841796875
113	103	41.63787841796875
104	113	34.279659271240234
113	104	34.279659271240234
105	113	41.08417510986328
113	105	41.08417510986328
106	113	60.912803649902344
113	106	60.912803649902344
107	113	117.01573944091797
113	107	117.01573944091797
108	113	42.47500991821289
113	108	42.47500991821289
109	113	139.6063690185547
113	109	139.6063690185547
110	113	261.3273620605469
113	110	261.3273620605469
111	113	667.8903198242188
113	111	667.8903198242188
112	113	1850.7279052734375
113	112	1850.7279052734375
114	114	4004.24169921875
57	114	3.7211246490478516
114	57	3.7211246490478516
79	114	21.520050048828125
114	79	21.520050048828125
83	114	11.582773208618164
114	83	11.582773208618164
84	114	6.806222915649414
114	84	6.806222915649414
85	114	22.09781265258789
114	85	22.09781265258789
86	114	15.818501472473145
114	86	15.818501472473145
87	114	24.980613708496094
114	87	24.980613708496094
88	114	15.713179588317871
114	88	15.713179588317871
89	114	26.62248992919922
114	89	26.62248992919922
90	114	18.70635986328125
114	90	18.70635986328125
91	114	23.28720474243164
114	91	23.28720474243164
95	114	20.67347526550293
114	95	20.67347526550293
96	114	22.345006942749023
114	96	22.345006942749023
97	114	18.344249725341797
114	97	18.344249725341797
98	114	21.57841682434082
114	98	21.57841682434082
99	114	25.842119216918945
114	99	25.842119216918945
100	114	24.65077018737793
114	100	24.65077018737793
101	114	26.908203125
114	101	26.908203125
102	114	27.386688232421875
114	102	27.386688232421875
103	114	28.196666717529297
114	103	28.196666717529297
104	114	49.67580795288086
114	104	49.67580795288086
105	114	34.36798858642578
114	105	34.36798858642578
106	114	35.38552474975586
114	106	35.38552474975586
107	114	57.100589752197266
114	107	57.100589752197266
108	114	37.68487548828125
114	108	37.68487548828125
109	114	82.23278045654297
114	109	82.23278045654297
110	114	199.81614685058594
114	110	199.81614685058594
111	114	425.85943603515625
114	111	425.85943603515625
112	114	735.1866455078125
114	112	735.1866455078125
113	114	2113.70166015625
114	113	2113.70166015625
115	115	4004.24169921875
56	115	4.581797122955322
115	56	4.581797122955322
80	115	14.151365280151367
115	80	14.151365280151367
83	115	6.644742488861084
115	83	6.644742488861084
84	115	11.71367073059082
115	84	11.71367073059082
85	115	12.676953315734863
115	85	12.676953315734863
86	115	16.16425895690918
115	86	16.16425895690918
87	115	16.823047637939453
115	87	16.823047637939453
88	115	17.384628295898438
115	88	17.384628295898438
89	115	19.92084312438965
115	89	19.92084312438965
90	115	14.697301864624023
115	90	14.697301864624023
91	115	7.633872985839844
115	91	7.633872985839844
95	115	17.789770126342773
115	95	17.789770126342773
96	115	17.854703903198242
115	96	17.854703903198242
97	115	17.539382934570312
115	97	17.539382934570312
98	115	26.164682388305664
115	98	26.164682388305664
99	115	17.154603958129883
115	99	17.154603958129883
100	115	19.223628997802734
115	100	19.223628997802734
101	115	19.846994400024414
115	101	19.846994400024414
102	115	24.439407348632812
115	102	24.439407348632812
103	115	37.82261657714844
115	103	37.82261657714844
104	115	32.27806091308594
115	104	32.27806091308594
105	115	31.686494827270508
115	105	31.686494827270508
106	115	23.14174461364746
115	106	23.14174461364746
108	115	29.185455322265625
115	108	29.185455322265625
109	115	70.76228332519531
115	109	70.76228332519531
110	115	149.47909545898438
115	110	149.47909545898438
111	115	397.3067932128906
115	111	397.3067932128906
112	115	704.88525390625
115	112	704.88525390625
113	115	1428.7623291015625
115	113	1428.7623291015625
114	115	2579.121337890625
115	114	2579.121337890625
116	116	4004.24169921875
59	116	2.8270184993743896
116	59	2.8270184993743896
78	116	20.68779754638672
116	78	20.68779754638672
81	116	7.990516185760498
116	81	7.990516185760498
83	116	6.412423610687256
116	83	6.412423610687256
84	116	5.652063846588135
116	84	5.652063846588135
85	116	18.350595474243164
116	85	18.350595474243164
86	116	18.0621280670166
116	86	18.0621280670166
87	116	21.646488189697266
116	87	21.646488189697266
88	116	23.301128387451172
116	88	23.301128387451172
89	116	24.030441284179688
116	89	24.030441284179688
90	116	18.235855102539062
116	90	18.235855102539062
91	116	25.784399032592773
116	91	25.784399032592773
95	116	7.630128860473633
116	95	7.630128860473633
96	116	25.18297004699707
116	96	25.18297004699707
97	116	20.311386108398438
116	97	20.311386108398438
98	116	35.02404022216797
116	98	35.02404022216797
99	116	33.10966110229492
116	99	33.10966110229492
100	116	33.26478958129883
116	100	33.26478958129883
101	116	28.091196060180664
116	101	28.091196060180664
102	116	27.796531677246094
116	102	27.796531677246094
103	116	48.20785140991211
116	103	48.20785140991211
104	116	39.568321228027344
116	104	39.568321228027344
105	116	40.77152633666992
116	105	40.77152633666992
106	116	35.26206970214844
116	106	35.26206970214844
107	116	94.83562469482422
116	107	94.83562469482422
108	116	42.24757385253906
116	108	42.24757385253906
109	116	57.57635498046875
116	109	57.57635498046875
110	116	137.5822296142578
116	110	137.5822296142578
111	116	258.01629638671875
116	111	258.01629638671875
112	116	454.0895690917969
116	112	454.0895690917969
113	116	770.8546752929688
116	113	770.8546752929688
114	116	822.2960815429688
116	114	822.2960815429688
115	116	1815.7908935546875
116	115	1815.7908935546875
117	117	4004.24169921875
54	117	9.869832992553711
117	54	9.869832992553711
57	117	3.3854377269744873
117	57	3.3854377269744873
81	117	4.377080917358398
117	81	4.377080917358398
83	117	3.5126261711120605
117	83	3.5126261711120605
84	117	2.064075231552124
117	84	2.064075231552124
85	117	13.4028959274292
117	85	13.4028959274292
86	117	24.2856502532959
117	86	24.2856502532959
87	117	11.857609748840332
117	87	11.857609748840332
88	117	12.253436088562012
117	88	12.253436088562012
89	117	11.583882331848145
117	89	11.583882331848145
90	117	22.938434600830078
117	90	22.938434600830078
91	117	13.115415573120117
117	91	13.115415573120117
93	117	70.37969207763672
117	93	70.37969207763672
95	117	22.988162994384766
117	95	22.988162994384766
96	117	25.411548614501953
117	96	25.411548614501953
97	117	25.034090042114258
117	97	25.034090042114258
98	117	23.201223373413086
117	98	23.201223373413086
99	117	28.21304702758789
117	99	28.21304702758789
100	117	27.332901000976562
117	100	27.332901000976562
101	117	39.169254302978516
117	101	39.169254302978516
102	117	35.06711196899414
117	102	35.06711196899414
103	117	42.25202178955078
117	103	42.25202178955078
104	117	42.427486419677734
117	104	42.427486419677734
105	117	37.223350524902344
117	105	37.223350524902344
106	117	42.49523162841797
117	106	42.49523162841797
107	117	51.94948196411133
