54	54	4749.4345703125
55	55	4749.4345703125
54	55	167.0506134033203
55	54	167.0506134033203
56	56	4749.4345703125
54	56	4749.4345703125
56	54	4749.4345703125
55	56	526.812255859375
56	55	526.812255859375
57	57	4749.4345703125
54	57	313.7854309082031
57	54	313.7854309082031
55	57	1658.7264404296875
57	55	1658.7264404296875
56	57	275.66217041015625
57	56	275.66217041015625
58	58	4749.4345703125
54	58	167.50408935546875
58	54	167.50408935546875
55	58	2471.900390625
58	55	2471.900390625
56	58	271.6675109863281
58	56	271.6675109863281
57	58	1069.21875
58	57	1069.21875
59	59	4749.4345703125
54	59	85.7083740234375
59	54	85.7083740234375
55	59	1783.962890625
59	55	1783.962890625
56	59	121.63081359863281
59	56	121.63081359863281
57	59	1329.75
59	57	1329.75
58	59	4358.439453125
59	58	4358.439453125
60	60	4749.4345703125
54	60	305.4544677734375
60	54	305.4544677734375
55	60	117.73762512207031
60	55	117.73762512207031
56	60	216.73887634277344
60	56	216.73887634277344
57	60	94.78141784667969
60	57	94.78141784667969
58	60	303.57574462890625
60	58	303.57574462890625
59	60	226.52792358398438
60	59	226.52792358398438
61	61	4749.4345703125
54	61	185.0669403076172
61	54	185.0669403076172
56	61	525.265869140625
61	56	525.265869140625
57	61	114.85120391845703
61	57	114.85120391845703
58	61	367.85736083984375
61	58	367.85736083984375
59	61	219.59584045410156
61	59	219.59584045410156
60	61	4304.3740234375
61	60	4304.3740234375
62	62	4749.4345703125
54	62	504.01629638671875
62	54	504.01629638671875
55	62	518.0624389648438
62	55	518.0624389648438
56	62	397.3675537109375
62	56	397.3675537109375
57	62	781.97216796875
62	57	781.97216796875
58	62	333.9442138671875
62	58	333.9442138671875
59	62	598.05322265625
62	59	598.05322265625
60	62	888.0794067382812
62	60	888.0794067382812
63	63	4749.4345703125
54	63	154.90585327148438
63	54	154.90585327148438
56	63	293.10748291015625
63	56	293.10748291015625
57	63	1201.668212890625
63	57	1201.668212890625
58	63	564.4946899414062
63	58	564.4946899414062
59	63	321.66302490234375
63	59	321.66302490234375
62	63	3602.99072265625
63	62	3602.99072265625
64	64	4749.4345703125
54	64	226.17672729492188
64	54	226.17672729492188
55	64	581.1997680664062
64	55	581.1997680664062
56	64	356.6364440917969
64	56	356.6364440917969
57	64	1637.5758056640625
64	57	1637.5758056640625
58	64	449.57122802734375
64	58	449.57122802734375
59	64	536.7513427734375
64	59	536.7513427734375
60	64	478.2295227050781
64	60	478.2295227050781
61	64	1158.9874267578125
64	61	1158.9874267578125
62	64	964.4609375
64	62	964.4609375
63	64	3314.517822265625
64	63	3314.517822265625
77	77	4749.4345703125
55	77	545.23974609375
77	55	545.23974609375
59	77	209.80894470214844
77	59	209.80894470214844
78	78	4749.4345703125
77	78	3175.553466796875
78	77	3175.553466796875
79	79	4749.4345703125
55	79	169.7679443359375
79	55	169.7679443359375
57	79	68.33349609375
79	57	68.33349609375
59	79	65.32691955566406
79	59	65.32691955566406
60	79	232.8173828125
79	60	232.8173828125
62	79	256.1074523925781
79	62	256.1074523925781
64	79	114.92792510986328
79	64	114.92792510986328
77	79	1078.1708984375
79	77	1078.1708984375
78	79	2471.881591796875
79	78	2471.881591796875
80	80	4749.4345703125
56	80	93.2249984741211
80	56	93.2249984741211
57	80	122.30381774902344
80	57	122.30381774902344
78	80	1327.2578125
80	78	1327.2578125
79	80	1502.1116943359375
80	79	1502.1116943359375
81	81	4749.4345703125
54	81	30.36747932434082
81	54	30.36747932434082
55	81	46.82065963745117
81	55	46.82065963745117
57	81	18.84583854675293
81	57	18.84583854675293
58	81	20.120468139648438
81	58	20.120468139648438
59	81	36.03329849243164
81	59	36.03329849243164
61	81	311.22149658203125
81	61	311.22149658203125
77	81	594.7020874023438
81	77	594.7020874023438
78	81	545.3803100585938
81	78	545.3803100585938
79	81	555.5062255859375
81	79	555.5062255859375
80	81	994.249267578125
81	80	994.249267578125
82	82	4749.4345703125
57	82	104.48649597167969
82	57	104.48649597167969
58	82	66.93203735351562
82	58	66.93203735351562
77	82	1318.8765869140625
82	77	1318.8765869140625
78	82	1058.308349609375
82	78	1058.308349609375
79	82	410.6504821777344
82	79	410.6504821777344
80	82	918.7317504882812
82	80	918.7317504882812
81	82	2576.5322265625
82	81	2576.5322265625
83	83	4749.4345703125
56	83	22.870283126831055
83	56	22.870283126831055
57	83	30.00400161743164
83	57	30.00400161743164
58	83	32.03330993652344
83	58	32.03330993652344
59	83	14.341934204101562
83	59	14.341934204101562
60	83	51.11294937133789
83	60	51.11294937133789
64	83	50.462772369384766
83	64	50.462772369384766
77	83	1183.513427734375
83	77	1183.513427734375
78	83	325.6075439453125
83	78	325.6075439453125
79	83	515.9046020507812
83	79	515.9046020507812
80	83	461.6850280761719
83	80	461.6850280761719
81	83	1402.4981689453125
83	81	1402.4981689453125
82	83	2073.555908203125
83	82	2073.555908203125
84	84	4749.4345703125
54	84	27.468040466308594
84	54	27.468040466308594
55	84	21.17514991760254
84	55	21.17514991760254
56	84	25.987037658691406
84	56	25.987037658691406
57	84	17.04646873474121
84	57	17.04646873474121
58	84	27.299097061157227
84	58	27.299097061157227
59	84	16.29644775390625
84	59	16.29644775390625
60	84	29.0393009185791
84	60	29.0393009185791
62	84	31.944272994995117
84	62	31.944272994995117
63	84	29.453542709350586
84	63	29.453542709350586
64	84	14.334955215454102
84	64	14.334955215454102
77	84	537.9208984375
84	77	537.9208984375
78	84	493.30828857421875
84	78	493.30828857421875
79	84	586.2119140625
84	79	586.2119140625
80	84	524.6033325195312
84	80	524.6033325195312
81	84	900.7474365234375
84	81	900.7474365234375
82	84	1178.069580078125
84	82	1178.069580078125
83	84	2895.6943359375
84	83	2895.6943359375
85	85	4749.4345703125
54	85	9.029234886169434
85	54	9.029234886169434
55	85	13.92129898071289
85	55	13.92129898071289
56	85	17.08480453491211
85	56	17.08480453491211
57	85	11.206955909729004
85	57	11.206955909729004
58	85	35.89480209350586
85	58	35.89480209350586
59	85	32.141597747802734
85	59	32.141597747802734
60	85	19.091472625732422
85	60	19.091472625732422
62	85	21.001304626464844
85	62	21.001304626464844
63	85	19.36380958557129
85	63	19.36380958557129
77	85	265.23626708984375
85	77	265.23626708984375
78	85	283.7786560058594
85	78	283.7786560058594
79	85	302.8116455078125
85	79	302.8116455078125
80	85	270.9873046875
85	80	270.9873046875
81	85	698.4728393554688
85	81	698.4728393554688
82	85	639.8084716796875
85	82	639.8084716796875
83	85	930.7137451171875
85	83	930.7137451171875
84	85	1967.45703125
85	84	1967.45703125
86	86	4749.4345703125
56	86	5.912107467651367
86	56	5.912107467651367
57	86	34.902976989746094
86	57	34.902976989746094
58	86	8.280805587768555
86	58	8.280805587768555
59	86	14.829909324645996
86	59	14.829909324645996
62	86	29.06956672668457
86	62	29.06956672668457
63	86	26.802980422973633
86	63	26.802980422973633
64	86	6.522467136383057
86	64	6.522467136383057
77	86	122.378173828125
86	77	122.378173828125
78	86	28.05717658996582
86	78	28.05717658996582
79	86	209.57276916503906
86	79	209.57276916503906
80	86	51.14931106567383
86	80	51.14931106567383
81	86	173.39553833007812
86	81	173.39553833007812
82	86	203.92324829101562
86	82	203.92324829101562
83	86	246.7798614501953
86	83	246.7798614501953
84	86	527.5527954101562
86	84	527.5527954101562
85	86	2170.04345703125
86	85	2170.04345703125
87	87	4749.4345703125
54	87	6.710625171661377
87	54	6.710625171661377
56	87	12.697612762451172
87	56	12.697612762451172
57	87	12.493697166442871
87	57	12.493697166442871
58	87	8.892468452453613
87	58	8.892468452453613
59	87	15.925322532653809
87	59	15.925322532653809
63	87	28.782785415649414
87	63	28.782785415649414
64	87	14.008500099182129
87	64	14.008500099182129
77	87	65.70882415771484
87	77	65.70882415771484
78	87	90.38887023925781
87	78	90.38887023925781
79	87	102.29676818847656
87	79	102.29676818847656
80	87	54.92746353149414
87	80	54.92746353149414
81	87	146.7057342529297
87	81	146.7057342529297
82	87	168.93209838867188
87	82	168.93209838867188
83	87	233.56663513183594
87	83	233.56663513183594
84	87	313.88299560546875
87	84	313.88299560546875
85	87	899.2506103515625
87	85	899.2506103515625
86	87	2408.169189453125
87	86	2408.169189453125
88	88	4749.4345703125
54	88	7.068603515625
88	54	7.068603515625
55	88	32.69517517089844
88	55	32.69517517089844
57	88	13.160172462463379
88	57	13.160172462463379
58	88	4.683418273925781
88	58	4.683418273925781
59	88	4.193714618682861
88	59	4.193714618682861
63	88	15.159100532531738
88	63	15.159100532531738
77	88	69.21405792236328
88	77	69.21405792236328
79	88	21.550756454467773
88	79	21.550756454467773
80	88	38.57170867919922
88	80	38.57170867919922
81	88	130.75762939453125
88	81	130.75762939453125
82	88	125.21969604492188
88	82	125.21969604492188
83	88	179.78839111328125
88	83	179.78839111328125
84	88	263.42645263671875
88	84	263.42645263671875
85	88	779.3367309570312
88	85	779.3367309570312
86	88	2008.26953125
88	86	2008.26953125
87	88	2752.896240234375
88	87	2752.896240234375
89	89	4749.4345703125
59	89	4.326370716094971
89	59	4.326370716094971
80	89	39.79181671142578
89	80	39.79181671142578
81	89	61.31535339355469
89	81	61.31535339355469
82	89	33.994911193847656
89	82	33.994911193847656
83	89	34.16653823852539
89	83	34.16653823852539
84	89	58.23411178588867
89	84	58.23411178588867
85	89	182.31039428710938
89	85	182.31039428710938
86	89	576.6203002929688
89	86	576.6203002929688
87	89	508.1064758300781
89	87	508.1064758300781
88	89	2013.822021484375
89	88	2013.822021484375
90	90	4749.4345703125
55	90	7.988300323486328
90	55	7.988300323486328
56	90	4.901789665222168
90	56	4.901789665222168
58	90	3.4328510761260986
90	58	3.4328510761260986
77	90	50.732505798339844
90	77	50.732505798339844
78	90	46.524993896484375
90	78	46.524993896484375
80	90	14.136141777038574
90	80	14.136141777038574
81	90	21.78243064880371
90	81	21.78243064880371
82	90	28.984264373779297
90	82	28.984264373779297
83	90	20.807567596435547
90	83	20.807567596435547
84	90	41.37562561035156
90	84	41.37562561035156
85	90	86.78673553466797
90	85	86.78673553466797
86	90	217.84475708007812
90	86	217.84475708007812
87	90	234.89859008789062
90	87	234.89859008789062
88	90	578.0109252929688
90	88	578.0109252929688
89	90	2113.1845703125
90	89	2113.1845703125
91	91	4749.4345703125
55	91	10.904916763305664
91	55	10.904916763305664
64	91	7.3823089599609375
91	64	7.3823089599609375
77	91	69.25550079345703
91	77	69.25550079345703
81	91	11.894174575805664
91	81	11.894174575805664
82	91	26.377826690673828
91	82	26.377826690673828
83	91	9.468213081359863
91	83	9.468213081359863
84	91	26.896345138549805
91	84	26.896345138549805
85	91	81.34003448486328
91	85	81.34003448486328
86	91	205.59762573242188
91	86	205.59762573242188
87	91	218.15574645996094
91	87	218.15574645996094
88	91	523.26416015625
91	88	523.26416015625
89	91	1662.2908935546875
91	89	1662.2908935546875
90	91	3853.684326171875
91	90	3853.684326171875
95	95	4749.4345703125
59	95	8.558943748474121
95	59	8.558943748474121
62	95	33.55445861816406
95	62	33.55445861816406
81	95	24.260271072387695
95	81	24.260271072387695
83	95	19.31209373474121
95	83	19.31209373474121
84	95	16.45795440673828
95	84	16.45795440673828
85	95	21.640092849731445
95	85	21.640092849731445
86	95	59.907527923583984
95	86	59.907527923583984
87	95	53.610504150390625
95	87	53.610504150390625
88	95	45.1762809753418
95	88	45.1762809753418
89	95	180.59556579589844
95	89	180.59556579589844
90	95	167.63609313964844
95	90	167.63609313964844
91	95	316.42333984375
95	91	316.42333984375
96	96	4749.4345703125
59	96	8.943387031555176
96	59	8.943387031555176
79	96	15.319494247436523
96	79	15.319494247436523
80	96	13.709474563598633
96	80	13.709474563598633
81	96	29.574968338012695
96	81	29.574968338012695
83	96	10.08976936340332
96	83	10.08976936340332
84	96	19.10799789428711
96	84	19.10799789428711
85	96	17.587190628051758
96	85	17.587190628051758
86	96	63.46782302856445
96	86	63.46782302856445
87	96	50.41667938232422
96	87	50.41667938232422
88	96	94.41094207763672
96	88	94.41094207763672
89	96	181.6055145263672
96	89	181.6055145263672
90	96	178.7700653076172
96	90	178.7700653076172
91	96	285.3705139160156
96	91	285.3705139160156
95	96	3303.71240234375
96	95	3303.71240234375
97	97	4749.4345703125
56	97	12.09012508392334
97	56	12.09012508392334
59	97	3.790853261947632
97	59	3.790853261947632
79	97	19.48052406311035
97	79	19.48052406311035
81	97	21.490299224853516
97	81	21.490299224853516
82	97	17.872215270996094
97	82	17.872215270996094
83	97	4.276772499084473
97	83	4.276772499084473
84	97	29.157657623291016
97	84	29.157657623291016
85	97	17.57184410095215
97	85	17.57184410095215
86	97	60.80644989013672
97	86	60.80644989013672
87	97	52.238338470458984
97	87	52.238338470458984
88	97	63.778968811035156
97	88	63.778968811035156
89	97	118.69161224365234
97	89	118.69161224365234
90	97	146.66256713867188
97	90	146.66256713867188
91	97	210.22122192382812
97	91	210.22122192382812
95	97	1097.481201171875
97	95	1097.481201171875
96	97	2215.323974609375
97	96	2215.323974609375
98	98	4749.4345703125
54	98	6.132463455200195
98	54	6.132463455200195
58	98	4.063163757324219
98	58	4.063163757324219
59	98	7.276628494262695
98	59	7.276628494262695
81	98	20.62555694580078
98	81	20.62555694580078
82	98	11.43537425994873
98	82	11.43537425994873
83	98	20.523405075073242
98	83	20.523405075073242
84	98	30.316425323486328
98	84	30.316425323486328
85	98	29.130067825317383
98	85	29.130067825317383
86	98	57.29859161376953
98	86	57.29859161376953
87	98	62.6704216003418
98	87	62.6704216003418
88	98	67.21382141113281
98	88	67.21382141113281
89	98	146.10916137695312
98	89	146.10916137695312
90	98	153.07765197753906
98	90	153.07765197753906
91	98	190.95350646972656
98	91	190.95350646972656
95	98	869.6013793945312
98	95	869.6013793945312
96	98	1384.748779296875
98	96	1384.748779296875
97	98	2404.243408203125
98	97	2404.243408203125
99	99	4749.4345703125
55	99	6.978260517120361
99	55	6.978260517120361
79	99	13.798990249633789
99	79	13.798990249633789
80	99	12.348770141601562
99	80	12.348770141601562
81	99	3.805652618408203
99	81	3.805652618408203
82	99	21.099580764770508
99	82	21.099580764770508
83	99	15.147217750549316
99	83	15.147217750549316
84	99	17.211475372314453
99	84	17.211475372314453
85	99	23.762418746948242
99	85	23.762418746948242
86	99	41.50586700439453
99	86	41.50586700439453
87	99	38.68487548828125
99	87	38.68487548828125
88	99	48.72105407714844
99	88	48.72105407714844
89	99	102.35213470458984
99	89	102.35213470458984
90	99	95.44722747802734
99	90	95.44722747802734
91	99	147.13705444335938
99	91	147.13705444335938
95	99	614.687255859375
99	95	614.687255859375
96	99	792.1666259765625
99	96	792.1666259765625
97	99	1006.531494140625
99	97	1006.531494140625
98	99	2206.421875
99	98	2206.421875
100	100	4749.4345703125
57	100	5.883601665496826
100	57	5.883601665496826
77	100	46.415950775146484
100	77	46.415950775146484
80	100	25.866748809814453
100	80	25.866748809814453
81	100	19.929080963134766
100	81	19.929080963134766
83	100	15.864303588867188
100	83	15.864303588867188
84	100	14.421028137207031
100	84	14.421028137207031
85	100	22.517133712768555
100	85	22.517133712768555
86	100	39.369781494140625
100	86	39.369781494140625
87	100	33.46995544433594
100	87	33.46995544433594
88	100	44.533145904541016
100	88	44.533145904541016
89	100	89.96941375732422
100	89	89.96941375732422
90	100	85.68497467041016
100	90	85.68497467041016
91	100	113.25618743896484
100	91	113.25618743896484
95	100	268.8758544921875
100	95	268.8758544921875
96	100	359.4351501464844
100	96	359.4351501464844
97	100	487.2550964355469
100	97	487.2550964355469
98	100	697.850830078125
100	98	697.850830078125
99	100	3417.006591796875
100	99	3417.006591796875
101	101	4749.4345703125
57	101	2.9144091606140137
101	57	2.9144091606140137
58	101	3.1115238666534424
101	58	3.1115238666534424
59	101	8.358537673950195
101	59	8.358537673950195
62	101	10.922928810119629
101	62	10.922928810119629
78	101	21.085044860839844
101	78	21.085044860839844
79	101	14.317682266235352
101	79	14.317682266235352
81	101	7.897407531738281
101	81	7.897407531738281
82	101	8.757078170776367
101	82	8.757078170776367
83	101	9.429952621459961
101	83	9.429952621459961
84	101	14.286750793457031
101	84	14.286750793457031
85	101	17.611162185668945
101	85	17.611162185668945
86	101	37.37807083129883
101	86	37.37807083129883
87	101	25.305025100708008
101	87	25.305025100708008
88	101	45.95676040649414
101	88	45.95676040649414
89	101	65.42645263671875
101	89	65.42645263671875
90	101	77.47636413574219
101	90	77.47636413574219
91	101	82.7717056274414
101	91	82.7717056274414
95	101	211.97232055664062
101	95	211.97232055664062
96	101	211.03953552246094
101	96	211.03953552246094
97	101	279.1623229980469
101	97	279.1623229980469
98	101	362.02337646484375
101	98	362.02337646484375
99	101	774.4976196289062
101	99	774.4976196289062
100	101	1989.07568359375
101	100	1989.07568359375
102	102	4749.4345703125
56	102	5.824802875518799
102	56	5.824802875518799
57	102	7.6416802406311035
102	57	7.6416802406311035
58	102	4.079261302947998
102	58	4.079261302947998
61	102	31.548810958862305
102	61	31.548810958862305
80	102	16.79799461364746
102	80	16.79799461364746
81	102	10.353635787963867
102	81	10.353635787963867
84	102	7.023815631866455
102	84	7.023815631866455
85	102	33.86318588256836
102	85	33.86318588256836
86	102	26.63222312927246
102	86	26.63222312927246
87	102	16.01567268371582
102	87	16.01567268371582
88	102	36.15005874633789
102	88	36.15005874633789
89	102	55.940345764160156
102	89	55.940345764160156
90	102	64.47666931152344
102	90	64.47666931152344
91	102	78.37203216552734
102	91	78.37203216552734
95	102	265.6029052734375
102	95	265.6029052734375
96	102	157.61134338378906
102	96	157.61134338378906
97	102	165.5653533935547
102	97	165.5653533935547
98	102	223.71900939941406
102	98	223.71900939941406
99	102	371.122802734375
102	99	371.122802734375
100	102	661.8272094726562
102	100	661.8272094726562
101	102	3390.4033203125
102	101	3390.4033203125
103	103	4749.4345703125
57	103	3.2253503799438477
103	57	3.2253503799438477
58	103	3.443495750427246
103	58	3.443495750427246
59	103	6.166879177093506
103	59	6.166879177093506
61	103	26.6318302154541
103	61	26.6318302154541
62	103	12.08830738067627
103	62	12.08830738067627
79	103	15.845250129699707
103	79	15.845250129699707
81	103	4.3699951171875
103	81	4.3699951171875
82	103	9.69137954711914
103	82	9.69137954711914
83	103	10.436043739318848
103	83	10.436043739318848
84	103	7.9055094718933105
103	84	7.9055094718933105
85	103	19.490114212036133
103	85	19.490114212036133
86	103	23.380767822265625
103	86	23.380767822265625
87	103	30.901897430419922
103	87	30.901897430419922
88	103	31.533159255981445
103	88	31.533159255981445
89	103	50.3699951171875
103	89	50.3699951171875
90	103	53.68219757080078
103	90	53.68219757080078
91	103	58.015045166015625
103	91	58.015045166015625
95	103	78.88795471191406
103	95	78.88795471191406
96	103	86.04678344726562
103	96	86.04678344726562
97	103	116.7743911743164
103	97	116.7743911743164
98	103	142.08001708984375
103	98	142.08001708984375
99	103	156.31541442871094
103	99	156.31541442871094
100	103	291.95941162109375
103	100	291.95941162109375
101	103	764.325927734375
103	101	764.325927734375
102	103	1628.432861328125
103	102	1628.432861328125
104	104	4749.4345703125
55	104	10.006319999694824
104	55	10.006319999694824
80	104	17.70724105834961
104	80	17.70724105834961
81	104	5.457029819488525
104	81	5.457029819488525
83	104	13.032007217407227
104	83	13.032007217407227
84	104	7.4040021896362305
104	84	7.4040021896362305
85	104	29.205930709838867
104	85	29.205930709838867
86	104	22.459020614624023
104	86	22.459020614624023
87	104	20.50026512145996
104	87	20.50026512145996
88	104	24.13430404663086
104	88	24.13430404663086
89	104	27.518539428710938
104	89	27.518539428710938
90	104	40.966217041015625
104	90	40.966217041015625
91	104	39.400604248046875
104	91	39.400604248046875
95	104	67.40247344970703
104	95	67.40247344970703
96	104	83.97423553466797
104	96	83.97423553466797
97	104	84.9671401977539
104	97	84.9671401977539
98	104	125.6282730102539
104	98	125.6282730102539
99	104	155.34573364257812
104	99	155.34573364257812
100	104	223.18006896972656
104	100	223.18006896972656
101	104	537.5648193359375
104	101	537.5648193359375
102	104	868.4991455078125
104	102	868.4991455078125
103	104	3159.51025390625
104	103	3159.51025390625
105	105	4749.4345703125
57	105	3.301088333129883
105	57	3.301088333129883
58	105	3.524355888366699
105	58	3.524355888366699
81	105	4.472611427307129
105	81	4.472611427307129
82	105	14.878430366516113
105	82	14.878430366516113
84	105	12.136720657348633
105	84	12.136720657348633
85	105	11.968669891357422
105	85	11.968669891357422
86	105	17.487159729003906
105	86	17.487159729003906
87	105	19.767210006713867
105	87	19.767210006713867
88	105	24.98602867126465
105	88	24.98602867126465
89	105	36.51655578613281
105	89	36.51655578613281
90	105	35.10232162475586
105	90	35.10232162475586
91	105	55.21052169799805
105	91	55.21052169799805
95	105	59.49292755126953
105	95	59.49292755126953
96	105	50.324195861816406
105	96	50.324195861816406
97	105	74.34490203857422
105	97	74.34490203857422
98	105	91.22392272949219
105	98	91.22392272949219
99	105	93.32518005371094
105	99	93.32518005371094
100	105	129.16078186035156
105	100	129.16078186035156
101	105	237.24131774902344
105	101	237.24131774902344
102	105	326.4427795410156
105	102	326.4427795410156
103	105	646.8138427734375
105	103	646.8138427734375
104	105	1759.7532958984375
105	104	1759.7532958984375
106	106	4749.4345703125
59	106	5.062136173248291
106	59	5.062136173248291
81	106	14.348592758178711
106	81	14.348592758178711
83	106	17.133033752441406
106	83	17.133033752441406
84	106	3.2446529865264893
106	84	3.2446529865264893
85	106	6.399451732635498
106	85	6.399451732635498
86	106	23.621299743652344
106	86	23.621299743652344
87	106	7.926903247833252
106	87	7.926903247833252
88	106	21.70938491821289
106	88	21.70938491821289
89	106	31.009984970092773
106	89	31.009984970092773
90	106	35.4972038269043
106	90	35.4972038269043
91	106	35.090003967285156
106	91	35.090003967285156
95	106	64.755859375
106	95	64.755859375
96	106	43.92257308959961
106	96	43.92257308959961
97	106	46.79548645019531
106	97	46.79548645019531
98	106	56.5028190612793
106	98	56.5028190612793
99	106	55.60224151611328
106	99	55.60224151611328
100	106	88.47166442871094
106	100	88.47166442871094
101	106	163.09164428710938
106	101	163.09164428710938
102	106	197.81610107421875
106	102	197.81610107421875
103	106	311.87060546875
106	103	311.87060546875
104	106	616.3710327148438
106	104	616.3710327148438
105	106	2940.60595703125
106	105	2940.60595703125
107	107	4749.4345703125
88	107	66.3404541015625
107	88	66.3404541015625
90	107	48.6262092590332
107	90	48.6262092590332
91	107	66.38017272949219
107	91	66.38017272949219
95	107	406.1822814941406
107	95	406.1822814941406
96	107	707.3780517578125
107	96	707.3780517578125
97	107	59.96757888793945
107	97	59.96757888793945
98	107	115.109130859375
107	98	115.109130859375
99	107	169.9116668701172
107	99	169.9116668701172
100	107	133.4665985107422
107	100	133.4665985107422
101	107	44.074623107910156
107	101	44.074623107910156
102	107	288.9129333496094
107	102	288.9129333496094
103	107	48.77699279785156
107	103	48.77699279785156
104	107	365.4615173339844
107	104	365.4615173339844
105	107	748.8356323242188
107	105	748.8356323242188
106	107	1361.3265380859375
107	106	1361.3265380859375
108	108	4749.4345703125
57	108	8.542529106140137
108	57	8.542529106140137
84	108	10.469101905822754
108	84	10.469101905822754
85	108	3.441380500793457
108	85	3.441380500793457
86	108	16.672204971313477
108	86	16.672204971313477
87	108	25.57671356201172
108	87	25.57671356201172
88	108	16.164661407470703
108	88	16.164661407470703
89	108	50.0279541015625
108	89	50.0279541015625
90	108	33.57038116455078
108	90	33.57038116455078
91	108	45.82729721069336
108	91	45.82729721069336
95	108	32.99042510986328
108	95	32.99042510986328
96	108	49.79326629638672
108	96	49.79326629638672
97	108	53.57672119140625
108	97	53.57672119140625
98	108	42.071617126464844
108	98	42.071617126464844
99	108	50.02627182006836
108	99	50.02627182006836
100	108	77.6884994506836
108	100	77.6884994506836
101	108	102.02354431152344
108	101	102.02354431152344
102	108	110.28888702392578
108	102	110.28888702392578
103	108	200.06600952148438
108	103	200.06600952148438
104	108	252.30596923828125
108	104	252.30596923828125
105	108	435.8836975097656
108	105	435.8836975097656
106	108	442.2717590332031
108	106	442.2717590332031
107	108	2842.151611328125
108	107	2842.151611328125
109	109	4749.4345703125
54	109	5.432426452636719
109	54	5.432426452636719
55	109	8.37572956085205
109	55	8.37572956085205
78	109	24.390716552734375
109	78	24.390716552734375
80	109	14.821738243103027
109	80	14.821738243103027
81	109	4.567773818969727
109	81	4.567773818969727
82	109	5.064997673034668
109	82	5.064997673034668
83	109	7.272241592407227
109	83	7.272241592407227
84	109	4.131649971008301
109	84	4.131649971008301
85	109	13.581470489501953
109	85	13.581470489501953
86	109	26.31886100769043
109	86	26.31886100769043
87	109	19.178401947021484
109	87	19.178401947021484
88	109	29.770591735839844
109	88	29.770591735839844
89	109	40.584110260009766
109	89	40.584110260009766
90	109	32.73186111450195
109	90	32.73186111450195
91	109	39.36326599121094
109	91	39.36326599121094
95	109	45.56905746459961
109	95	45.56905746459961
96	109	52.90653991699219
109	96	52.90653991699219
97	109	53.82147216796875
109	97	53.82147216796875
98	109	59.035160064697266
109	98	59.035160064697266
99	109	51.74016571044922
109	99	51.74016571044922
100	109	71.30210876464844
109	100	71.30210876464844
101	109	108.07644653320312
109	101	108.07644653320312
102	109	130.57711791992188
109	102	130.57711791992188
103	109	198.5636444091797
109	103	198.5636444091797
104	109	237.21803283691406
109	104	237.21803283691406
105	109	432.8560485839844
109	105	432.8560485839844
106	109	456.89288330078125
109	106	456.89288330078125
107	109	1019.691162109375
109	107	1019.691162109375
108	109	2329.314453125
109	108	2329.314453125
110	110	4749.4345703125
59	110	7.4206671714782715
110	59	7.4206671714782715
63	110	13.411813735961914
110	63	13.411813735961914
64	110	6.527491569519043
110	64	6.527491569519043
80	110	34.12580871582031
110	80	34.12580871582031
82	110	17.492599487304688
110	82	17.492599487304688
83	110	33.48745346069336
110	83	33.48745346069336
84	110	14.269166946411133
110	84	14.269166946411133
85	110	15.635098457336426
110	85	15.635098457336426
86	110	32.46266555786133
110	86	32.46266555786133
87	110	36.02254104614258
110	87	36.02254104614258
88	110	39.16816711425781
110	88	39.16816711425781
89	110	49.2462043762207
110	89	49.2462043762207
90	110	46.652896881103516
110	90	46.652896881103516
91	110	39.191619873046875
110	91	39.191619873046875
95	110	39.9691162109375
110	95	39.9691162109375
96	110	53.07561111450195
110	96	53.07561111450195
97	110	48.68263244628906
110	97	48.68263244628906
98	110	58.40463638305664
110	98	58.40463638305664
99	110	65.83356475830078
110	99	65.83356475830078
100	110	87.82941436767578
110	100	87.82941436767578
101	110	104.08866882324219
110	101	104.08866882324219
102	110	108.74317169189453
110	102	108.74317169189453
103	110	125.9934310913086
110	103	125.9934310913086
104	110	176.4391326904297
110	104	176.4391326904297
105	110	205.40213012695312
110	105	205.40213012695312
106	110	208.32305908203125
110	106	208.32305908203125
107	110	176.08151245117188
110	107	176.08151245117188
108	110	483.86639404296875
110	108	483.86639404296875
109	110	2530.4384765625
110	109	2530.4384765625
111	111	4749.4345703125
58	111	8.962201118469238
111	58	8.962201118469238
64	111	7.059175491333008
111	64	7.059175491333008
81	111	22.747102737426758
111	81	22.747102737426758
82	111	12.611617088317871
111	82	12.611617088317871
83	111	9.053776741027832
111	83	9.053776741027832
84	111	30.86286735534668
111	84	30.86286735534668
85	111	21.981212615966797
111	85	21.981212615966797
86	111	29.255706787109375
111	86	29.255706787109375
87	111	46.4966926574707
111	87	46.4966926574707
88	111	38.387420654296875
111	88	38.387420654296875
89	111	38.236122131347656
111	89	38.236122131347656
90	111	43.66117858886719
111	90	43.66117858886719
91	111	22.51644515991211
111	91	22.51644515991211
95	111	32.418540954589844
111	95	32.418540954589844
96	111	44.22529220581055
111	96	44.22529220581055
97	111	57.43416213989258
111	97	57.43416213989258
98	111	43.63911056518555
111	98	43.63911056518555
99	111	42.37851333618164
111	99	42.37851333618164
100	111	55.03710174560547
111	100	55.03710174560547
101	111	63.318939208984375
111	101	63.318939208984375
102	111	68.02389526367188
111	102	68.02389526367188
103	111	83.7000961303711
111	103	83.7000961303711
104	111	127.6122055053711
111	104	127.6122055053711
105	111	91.6422119140625
111	105	91.6422119140625
106	111	97.46658325195312
111	106	97.46658325195312
107	111	317.3731384277344
111	107	317.3731384277344
108	111	172.70777893066406
111	108	172.70777893066406
109	111	516.7909545898438
111	109	516.7909545898438
110	111	1867.951904296875
111	110	1867.951904296875
112	112	4749.4345703125
59	112	4.1176347732543945
112	59	4.1176347732543945
78	112	31.161136627197266
112	78	31.161136627197266
80	112	18.93598175048828
112	80	18.93598175048828
81	112	17.50711441040039
112	81	17.50711441040039
82	112	6.470949172973633
112	82	6.470949172973633
83	112	27.872650146484375
112	83	27.872650146484375
84	112	23.75334358215332
112	84	23.75334358215332
85	112	22.55687141418457
112	85	22.55687141418457
86	112	28.820999145507812
112	86	28.820999145507812
87	112	32.239444732666016
112	87	32.239444732666016
88	112	31.242515563964844
112	88	31.242515563964844
89	112	33.63212203979492
112	89	33.63212203979492
90	112	28.87407875061035
112	90	28.87407875061035
91	112	28.542856216430664
112	91	28.542856216430664
95	112	16.633769989013672
112	95	16.633769989013672
96	112	32.83061218261719
112	96	32.83061218261719
97	112	40.52006912231445
112	97	40.52006912231445
98	112	43.60348892211914
112	98	43.60348892211914
99	112	37.39998245239258
112	99	37.39998245239258
100	112	36.43770980834961
112	100	36.43770980834961
101	112	45.12303924560547
112	101	45.12303924560547
102	112	57.973934173583984
112	102	57.973934173583984
103	112	59.92471694946289
112	103	59.92471694946289
104	112	74.83097076416016
112	104	74.83097076416016
105	112	59.2874755859375
112	105	59.2874755859375
106	112	72.14492797851562
112	106	72.14492797851562
108	112	95.22846984863281
112	108	95.22846984863281
109	112	249.5032958984375
112	109	249.5032958984375
110	112	707.8602294921875
112	110	707.8602294921875
111	112	2543.493896484375
112	111	2543.493896484375
113	113	4749.4345703125
56	113	5.593504905700684
113	56	5.593504905700684
57	113	3.6691176891326904
113	57	3.6691176891326904
59	113	3.5076818466186523
113	59	3.5076818466186523
82	113	11.02479076385498
113	82	11.02479076385498
83	113	11.87191104888916
113	83	11.87191104888916
84	113	20.234716415405273
113	84	20.234716415405273
85	113	17.73736572265625
113	85	17.73736572265625
86	113	26.597665786743164
113	86	26.597665786743164
87	113	25.26665496826172
113	87	25.26665496826172
88	113	31.243112564086914
113	88	31.243112564086914
89	113	28.65013313293457
113	89	28.65013313293457
90	113	25.445077896118164
113	90	25.445077896118164
91	113	30.103975296020508
113	91	30.103975296020508
95	113	21.254669189453125
113	95	21.254669189453125
96	113	29.612489700317383
113	96	29.612489700317383
97	113	32.42577362060547
113	97	32.42577362060547
98	113	48.18735885620117
113	98	48.18735885620117
99	113	39.26912307739258
113	99	39.26912307739258
100	113	34.14413833618164
113	100	34.14413833618164
101	113	32.288658142089844
113	101	32.288658142089844
102	113	50.3940315246582
113	102	50.3940315246582
103	113	46.79396057128906
113	103	46.79396057128906
104	113	60.558815002441406
113	104	60.558815002441406
105	113	56.600555419921875
113	105	56.600555419921875
106	113	47.4902458190918
113	106	47.4902458190918
107	113	55.48808670043945
113	107	55.48808670043945
108	113	69.85514068603516
113	108	69.85514068603516
109	113	151.18185424804688
113	109	151.18185424804688
110	113	339.89337158203125
113	110	339.89337158203125
111	113	807.1231079101562
113	111	807.1231079101562
112	113	2155.29541015625
113	112	2155.29541015625
114	114	4749.4345703125
81	114	9.383082389831543
114	81	9.383082389831543
83	114	11.203932762145996
114	83	11.203932762145996
84	114	16.974401473999023
114	84	16.974401473999023
85	114	18.134313583374023
114	85	18.134313583374023
86	114	27.997421264648438
114	86	27.997421264648438
87	114	19.698057174682617
114	87	19.698057174682617
88	114	19.656803131103516
114	88	19.656803131103516
89	114	28.164709091186523
114	89	28.164709091186523
90	114	32.81831359863281
114	90	32.81831359863281
91	114	34.96635437011719
114	91	34.96635437011719
95	114	17.830013275146484
114	95	17.830013275146484
96	114	30.275192260742188
114	96	30.275192260742188
97	114	34.54988098144531
114	97	34.54988098144531
98	114	24.63287353515625
114	98	24.63287353515625
99	114	32.86419677734375
114	99	32.86419677734375
100	114	35.884708404541016
114	100	35.884708404541016
101	114	34.82505798339844
114	101	34.82505798339844
102	114	35.193355560302734
114	102	35.193355560302734
103	114	48.9786491394043
114	103	48.9786491394043
104	114	50.132850646972656
114	104	50.132850646972656
105	114	44.376285552978516
114	105	44.376285552978516
106	114	55.36363983154297
114	106	55.36363983154297
107	114	104.73204803466797
114	107	104.73204803466797
108	114	65.92471313476562
114	108	65.92471313476562
109	114	135.96141052246094
114	109	135.96141052246094
110	114	212.55784606933594
114	110	212.55784606933594
111	114	378.2428283691406
114	111	378.2428283691406
112	114	758.0690307617188
114	112	758.0690307617188
113	114	2085.295654296875
114	113	2085.295654296875
115	115	4749.4345703125
54	115	4.823658466339111
115	54	4.823658466339111
56	115	4.563579559326172
115	56	4.563579559326172
59	115	2.861816644668579
115	59	2.861816644668579
79	115	14.706369400024414
115	79	14.706369400024414
80	115	39.48236083984375
115	80	39.48236083984375
83	115	16.143251419067383
115	83	16.143251419067383
84	115	22.011898040771484
115	84	22.011898040771484
85	115	28.942811965942383
115	85	28.942811965942383
86	115	17.527141571044922
115	86	17.527141571044922
87	115	27.7845401763916
115	87	27.7845401763916
88	115	17.937658309936523
115	88	17.937658309936523
89	115	22.400869369506836
115	89	22.400869369506836
90	115	26.987878799438477
115	90	26.987878799438477
91	115	18.893051147460938
115	91	18.893051147460938
95	115	15.414286613464355
115	95	15.414286613464355
96	115	21.475536346435547
115	96	21.475536346435547
97	115	20.481487274169922
115	97	20.481487274169922
98	115	31.124120712280273
115	98	31.124120712280273
99	115	27.80704116821289
115	99	27.80704116821289
100	115	20.892913818359375
115	100	20.892913818359375
101	115	30.73395347595215
115	101	30.73395347595215
102	115	33.714332580566406
115	102	33.714332580566406
103	115	29.15399169921875
115	103	29.15399169921875
104	115	32.93879699707031
115	104	32.93879699707031
105	115	36.23257064819336
115	105	36.23257064819336
106	115	31.90840721130371
115	106	31.90840721130371
108	115	25.738683700561523
115	108	25.738683700561523
109	115	92.87147521972656
115	109	92.87147521972656
110	115	186.26492309570312
115	110	186.26492309570312
111	115	430.8759460449219
115	111	430.8759460449219
112	115	814.7980346679688
115	112	814.7980346679688
113	115	1796.4488525390625
115	113	1796.4488525390625
114	115	3024.83984375
115	114	3024.83984375
116	116	4749.4345703125
54	116	9.330154418945312
116	54	9.330154418945312
55	116	7.192628383636475
116	55	7.192628383636475
56	116	13.240646362304688
116	56	13.240646362304688
58	116	3.0909230709075928
116	58	3.0909230709075928
59	116	5.535464763641357
116	59	5.535464763641357
77	116	45.6793098449707
116	77	45.6793098449707
79	116	14.22288703918457
116	79	14.22288703918457
81	116	3.922559976577759
116	81	3.922559976577759
83	116	12.49002456665039
116	83	12.49002456665039
84	116	8.870100021362305
116	84	8.870100021362305
85	116	9.330432891845703
116	85	9.330432891845703
86	116	29.058727264404297
116	86	29.058727264404297
87	116	28.604724884033203
116	87	28.604724884033203
88	116	20.087093353271484
116	88	20.087093353271484
89	116	22.606355667114258
116	89	22.606355667114258
90	116	26.769880294799805
116	90	26.769880294799805
91	116	20.099123001098633
116	91	20.099123001098633
95	116	20.49785614013672
116	95	20.49785614013672
96	116	23.36570167541504
116	96	23.36570167541504
97	116	30.537555694580078
116	97	30.537555694580078
98	116	34.06153869628906
116	98	34.06153869628906
99	116	30.98525619506836
116	99	30.98525619506836
100	116	37.96287155151367
116	100	37.96287155151367
101	116	33.96977233886719
116	101	33.96977233886719
102	116	46.12548828125
116	102	46.12548828125
103	116	43.63594436645508
116	103	43.63594436645508
104	116	43.5922966003418
116	104	43.5922966003418
105	116	46.72186279296875
116	105	46.72186279296875
106	116	20.940303802490234
116	106	20.940303802490234
107	116	43.782814025878906
116	107	43.782814025878906
108	116	55.11912155151367
116	108	55.11912155151367
109	116	90.51996612548828
116	109	90.51996612548828
110	116	193.06626892089844
116	110	193.06626892089844
111	116	351.1900634765625
116	111	351.1900634765625
112	116	544.1668701171875
116	112	544.1668701171875
113	116	919.4799194335938
116	113	919.4799194335938
114	116	941.25830078125
116	114	941.25830078125
115	116	1981.9881591796875
116	115	1981.9881591796875
117	117	4749.4345703125
55	117	7.854203701019287
117	55	7.854203701019287
57	117	3.161404609680176
117	57	3.161404609680176
58	117	6.750450134277344
117	58	6.750450134277344
78	117	22.871997833251953
117	78	22.871997833251953
80	117	13.898843765258789
117	80	13.898843765258789
83	117	6.8194260597229
117	83	6.8194260597229
84	117	11.623162269592285
117	84	11.623162269592285
85	117	21.65086555480957
117	85	21.65086555480957
86	117	22.035789489746094
117	86	22.035789489746094
87	117	17.984233856201172
117	87	17.984233856201172
88	117	20.937665939331055
117	88	20.937665939331055
89	117	24.685680389404297
117	89	24.685680389404297
90	117	24.116535186767578
117	90	24.116535186767578
91	117	27.933605194091797
117	91	27.933605194091797
95	117	32.55744171142578
117	95	32.55744171142578
96	117	26.223617553710938
117	96	26.223617553710938
97	117	29.74137306213379
117	97	29.74137306213379
98	117	36.32951736450195
117	98	36.32951736450195
99	117	26.812854766845703
